Amundsen_Scott temperature
1957   -28.3   -38.3   -53.5   -56.2   -55.5   -56.2   -60.5   -58.0   -62.2   -52.4   -36.6   -24.9
1958   -24.8   -35.4   -53.7   -62.0   -56.8   -60.7   -54.9   -61.5   -55.7   -48.9   -38.1   -30.8
1959   -28.7   -39.7   -54.6   -55.0   -56.2   -59.5   -58.7   -59.2   -61.6   -51.0   -40.6   -28.6
1960   -30.5   -39.9   -57.5   -56.8   -55.3   -58.0   -58.4   -61.9   -57.5   -51.7   -38.5   -27.3
1961   -30.8   -41.7   -56.9   -60.0   -57.1   -52.6   -60.0   -56.6   -57.5   -48.4   -38.2   -28.8
1962   -29.8   -41.8   -53.7   -57.9   -58.6   -52.8   -59.9   -60.2   -57.3   -50.2   -37.3   -29.9
1963   -28.9   -41.5   -54.4   -60.8   -55.7   -55.2   -59.6   -54.4   -54.2   -50.7   -40.7   -26.8
1964   -27.7   -41.5   -53.3   -61.3   -61.1   -53.9   -56.2   -58.0   -62.3   -53.2   -38.4   -28.1
1965   -29.1   -40.0   -52.0   -57.5   -56.2   -52.7   -64.1   -57.2   -63.0   -52.5   -40.1   -27.4
1966   -29.7   -40.9   -52.5   -56.8   -61.1   -61.7   -57.9   -61.1   -57.7   -51.0   -37.1   -26.2
1967   -24.6   -40.4   -54.7   -58.0   -58.3   -61.4   -56.9   -61.1   -57.9   -53.6   -37.7   -27.4
1968   -29.4   -40.2   -54.2   -54.2   -59.1   -58.6   -62.8   -61.9   -61.3   -46.7   -37.9   -29.0
1969   -27.8   -42.3   -58.0   -54.9   -56.6   -55.4   -64.3   -57.7   -56.8   -47.7   -40.4   -28.4
1970   -28.0   -40.8   -53.8   -59.8   -58.6   -60.0   -60.1   -59.5   -56.9   -48.8   -40.3   -27.4
1971   -24.9   -38.8   -54.7   -53.3   -55.8   -61.6   -61.5   -60.0   -61.7   -50.2   -37.2   -25.7
1972   -26.4   -39.3   -56.3   -57.4   -59.4   -58.4   -59.3   -54.3   -59.9   -46.6   -37.2   -28.5
1973   -29.2   -44.2   -55.1   -57.0   -55.5   -59.6   -59.4   -60.0   -57.9   -49.9   -35.3   -29.3
1974   -27.7   -41.4   -53.7   -57.5   -57.6   -57.6   -60.7   -55.5   -58.3   -50.2   -38.8   -23.6
1975   -27.8   -39.5   -51.6   -57.9   -54.2   -62.0   -61.9   -61.0   -59.7   -49.0   -37.6   -26.9
1976   -27.3   -40.8   -53.7   -59.7   -59.1   -59.1   -60.3   -65.0   -59.0   -50.7   -36.9   -25.2
1977   -25.1   -42.3   -53.7   -57.7   -54.7   -56.5   -56.4   -59.9   -62.1   -55.1   -39.9   -29.1
1978   -30.2   -40.6   -54.3   -50.7   -57.0   -60.4   -60.5   -62.2   -60.5   -49.8   -38.6   -28.2
1979   -28.1   -41.1   -51.6   -53.3   -61.6   -56.9   -63.6   -61.0   -55.6   -52.8   -37.6   -27.7
1980   -27.4   -40.4   -54.5   -56.4   -55.9   -57.8   -59.9   -62.7   -59.6   -51.1   -33.4   -25.2
1981   -24.9   -38.9   -52.6   -58.6   -53.4   -57.8   -56.1   -55.4   -62.3   -55.7   -41.8   -28.1
1982   -29.2   -41.5   -54.9   -54.6   -56.8   -60.7   -58.0   -61.5   -61.3   -48.8   -32.3   -27.0
1983   -29.4   -43.0   -55.1   -56.0   -56.5   -62.2   -64.0   -59.5   -58.7   -55.2   -42.8   -29.9
1984   -27.6   -41.4   -52.5   -60.6   -56.7   -63.9   -54.6   -59.9   -57.0   -51.9   -34.9   -25.5
1985   -27.1   -43.2   -53.4   -56.0   -59.5   -53.4   -60.3   -57.9   -61.1   -51.2   -40.3   -30.8
1986   -25.9   -36.1   -51.9   -54.1   -61.1   -62.6   -59.5   -58.5   -64.1   -53.5   -39.6   -29.4
1987   -27.6   -41.4   -51.3   -58.8   -58.9   -57.1   -60.6   -67.1   -60.8   -52.3   -42.2   -29.1
1988   -27.6   -43.0   -48.6   -57.3   -59.6   -56.4   -60.9   -56.3   -55.7   -46.2   -38.4   -29.4
1989   -31.1   -41.4   -54.3   -60.5   -62.4   -62.5   -57.9   -55.8   -58.0   -53.5   -38.4   -25.4
1990   -27.4   -41.2   -55.0   -59.2   -61.2   -56.1   -57.4   -61.3   -58.7   -49.8   -36.6   -24.9
1991   -28.5   -38.2   -56.8   -58.4   -59.9   -58.8   -56.9   -59.3   -53.2   -52.0   -39.5   -26.5
1992   -29.3   -43.0   -56.7   -53.3   -59.0   -55.5   -60.2   -60.7   -57.9   -47.1   -39.4   -30.2
1993   -28.9   -42.5   -53.3   -58.8   -57.8   -61.6   -58.3   -64.9   -59.6   -50.9   -38.8   -29.4
1994   -28.5   -44.4   -53.5   -57.6   -58.9   -55.8   -63.3   -59.1   -58.1   -51.9   -38.5   -29.7
1995   -32.0   -40.9   -52.8   -58.5   -58.9   -58.7   -56.1   -62.5   -65.4   -49.7   -38.6   -27.8
1996   -29.5   -37.7   -56.3   -55.0   -60.4   -59.2   -55.9   -53.5   -60.1   -53.7   -35.9   -26.3
1997   -29.1   -43.7   -55.4   -56.6   -58.3   -57.7   -65.9   -60.2   -60.6   -55.3   -34.8   -28.1
1998   -27.7   -38.7   -53.0   -62.6   -58.5   -55.7   -59.5   -63.2   -63.4   -54.8   -37.7   -29.1
1999   -26.5   -41.5   -54.5   -61.1   -57.7   -58.6   -63.1   -57.2   -62.5   -51.6   -39.9   -32.3
2000   -31.0   -43.1   -55.1   -61.8   -59.9   -59.8   -60.8   -59.5   -61.0   -50.8   -34.2   -28.2
2001   -29.9   -38.9   -54.9   -60.0   -58.4   -57.7   -60.7   -63.8   -57.1   -53.5   -35.6   -27.2
2002   -26.6   -40.6   -49.7   -52.6   -56.2   -61.9   -53.3   -57.5   -56.7   -50.0   -39.3   -31.0
2003   -27.7   -40.4   -54.1   -57.0   -59.2   -64.4   -64.1   -55.8   -61.9   -51.4   -38.6   -25.0
2004   -27.3   -38.2   -54.4   -54.5   -57.9   -61.5   -67.0   -61.5   -54.3   -50.2   -39.6   -25.0
2005   -26.4   -39.6   -51.7   -54.3   -58.6   -58.7   -63.1   -60.4   -52.6   -48.8   -39.2   -24.0
2006   -28.0   -42.8   -56.2   -55.9   -56.2   -58.4   -65.2   -59.1   -60.5   -55.8   -37.5   -29.8
2007   -27.0   -42.1   -57.0   -60.9   -55.0   -51.7   -57.9   -60.6   -60.5   -50.2   -38.7   -28.2
2008   -29.9   -41.6   -53.4   -54.1   -59.0   -61.8   -56.9   -59.7   -53.9   -51.5   -38.6   -26.8
2009   -27.1   -41.9   -51.1   -58.5   -51.4   -55.1   -58.2   -61.0   -56.2   -50.4   -37.0   -27.3
2010   -25.5   -37.9   -50.4   -62.6   -54.1   -60.5   -58.7   -57.7   -61.7   -49.6   -38.1   -26.7
2011   -25.5   -37.1   -56.2   -59.9   -62.6   -61.5   -58.2   -56.5   -59.6   -48.7   -34.9   -27.4
2012   -28.6   -40.2   -51.1   -59.5   -58.6   -58.0   -60.6   -62.7   -60.7   -51.5   -36.2   -25.3
2013   -26.9   -43.8   -50.4   -57.6   -62.4   -52.6   -58.6   -53.3   -51.2   -51.2   -35.6   -26.2
2014   -27.4   -43.8   -56.6   -53.9   -54.7   -54.7   -61.2   -59.5   -58.0   -51.2   -38.0   -27.2
2015   -28.5   -41.3   -53.1   -55.8   -58.7   -59.6   -62.0   -60.8   -60.3   -47.4   -35.4   -27.3
2016   -29.3   -41.2   -55.0   -55.8   -56.9   -57.3   -63.8   -56.0   -60.4   -51.1   -34.3   -25.4
2017   -27.0   -38.8   -51.3   -58.5   -57.2   -58.7   -58.8   -60.4   -58.0   -46.9   -36.3   -27.9
2018   -26.8   -40.5   -51.3   -58.4   -51.5   -51.7   -59.2   -55.7   -62.4   -46.6   -38.2   -23.4
2019   -27.5   -36.1   -51.1   -56.8   -56.2   -61.7   -58.4   -61.8   -59.7   -51.2   -35.3   -25.6
2020   -27.6   -40.1   -53.0   -53.0   -56.4   -54.7   -60.0   -62.7   -59.6   -53.2   -33.2   -25.3
2021   -27.8   -42.2   -50.9   -58.5   -57.9   -63.9   -60.7   -64.0   -61.3   -54.4   -38.2   -26.1
2022   -28.1   -40.3   -55.5   -59.1   -58.6   -54.6   -61.4   -55.4   -59.3   -52.2   -40.4   -29.1
2023   -31.5   -41.4   -51.5   -54.4   -58.0   -57.2   -58.9   -56.8   -56.2   -53.0   -38.5   -28.8
2024   -31.3   -42.0   -54.8   -59.5   -56.6   -55.9   -54.1   -54.7   -59.1   -50.1   -38.8   -29.6
2025   -26.8   -39.4   -53.6   -56.4   -58.2   -56.4   -58.7   -53.9   -56.0   -51.0   -38.2   -29.0
2026   -29.8   -42.8   -52.1   -57.4   -57.1   -60.1   -64.2       -       -       -       -       -
