Casey temperature
1959       -    -3.5    -8.3    -8.6   -11.2   -15.0   -14.3   -17.3   -22.1    -9.5    -5.7    -0.5
1960    -0.2    -2.1    -9.8   -13.0   -16.1   -17.1   -21.6   -13.8   -14.2   -10.8    -4.2    -1.2
1961    -0.1    -2.1    -4.8    -9.4   -10.3   -14.0   -11.5   -12.7   -11.5   -14.0    -5.4    -2.2
1962    -1.1    -0.3    -4.3   -12.7   -17.2   -16.6   -21.7   -14.9   -11.8    -9.1    -5.0    -1.5
1963    -0.2    -3.3    -8.0   -16.0   -20.0   -13.4   -14.9   -17.3   -11.7   -13.6    -7.0    -1.8
1964    -0.1    -2.8    -6.2   -15.3   -17.6   -16.2   -19.2   -14.1   -16.9   -11.2    -4.3    -1.1
1965     0.7    -1.6    -7.2   -14.1   -12.9   -17.1   -13.9   -13.8   -17.4   -11.4    -8.2    -1.1
1966    -1.7    -2.5    -3.9   -10.8   -14.2   -18.2   -11.3   -16.8   -17.4   -11.9    -4.3    -0.9
1967     0.7    -3.2    -6.7   -14.0   -13.1   -12.9   -11.0   -13.5   -10.8   -11.7    -5.4    -1.6
1968    -0.4    -2.5    -6.6   -12.4   -15.6   -10.6   -13.9   -14.3   -15.6   -10.6    -4.8    -1.5
1969     1.0    -2.6    -9.1   -12.2   -18.2   -15.1   -18.2   -21.6   -17.9   -11.3    -7.2    -1.4
1970    -0.3    -2.6    -7.1   -12.9   -12.5   -17.0   -17.1   -20.0   -15.3   -11.6    -4.7    -0.9
1971     0.8    -3.2    -5.6    -9.5   -10.1   -11.1   -16.6   -14.8   -16.6    -9.8    -6.2    -0.6
1972     1.0    -2.1    -5.7   -10.6   -14.7   -10.5   -13.4   -11.9   -17.2   -15.7    -6.7    -1.3
1973    -0.4    -2.9    -5.9    -8.7   -11.4   -12.4   -13.5   -15.8   -14.4   -12.0    -4.1    -1.6
1974     0.9    -3.6    -6.9   -14.4   -13.6   -12.0   -16.8   -14.5   -12.8    -7.3    -3.7     0.6
1975     0.6    -2.4    -5.4   -14.3   -10.3   -12.6   -11.1   -20.0   -19.1   -12.5    -4.8    -1.1
1976     0.1    -1.8    -8.2   -16.8   -14.9   -12.6   -17.9   -15.5   -13.2    -9.0    -4.4     0.5
1977     1.8    -2.8    -5.5   -13.0   -10.5   -15.9   -12.4   -13.3   -17.8   -12.3    -6.2    -0.7
1978    -0.9    -1.5    -9.6   -12.3   -13.0   -11.2   -13.0   -16.2   -14.9   -12.3    -5.9    -0.9
1979    -0.8    -4.1    -6.8    -8.7   -13.0   -14.9   -15.2   -13.8   -15.6    -9.2    -6.6     0.2
1980     1.1    -1.3    -3.9    -7.1   -11.0   -11.8    -7.1   -12.8   -10.9   -12.7    -3.0    -0.1
1981     0.0    -2.0    -3.1   -10.1   -14.0   -11.0   -11.5    -8.9   -11.7    -9.9    -6.1    -1.2
1982     0.0    -2.6   -10.2   -13.7   -11.4   -15.2   -12.1   -22.3   -19.3   -11.0    -6.8     0.0
1983     0.5    -1.6    -8.5    -9.9   -10.8   -12.4   -19.9   -14.3   -10.4   -15.0    -6.9    -1.5
1984     0.4    -1.3    -3.5    -9.6    -8.1   -15.8   -13.6   -10.7   -14.1   -12.2    -7.9    -0.1
1985     0.3    -3.5    -4.2    -9.2   -18.9   -14.7   -17.0   -11.4   -14.4   -11.9    -5.2    -2.2
1986    -1.1     0.4    -5.7   -10.8   -13.2   -17.1   -16.0   -12.5   -13.1    -7.9    -5.6    -0.7
1987     0.9    -2.3    -7.2   -10.8   -15.1   -10.0   -11.8   -21.5   -12.7    -8.8    -4.9     0.0
1988     0.4    -2.1    -8.5   -12.2   -12.1   -14.3   -17.4   -15.2   -15.2    -9.3    -5.0    -1.1
1989    -0.6    -3.2    -9.0   -11.2   -13.8   -18.6   -14.0   -13.4    -9.4    -6.8    -7.7     0.3
1990     0.8    -2.2    -6.5   -10.1   -13.8   -19.3   -11.7   -14.3   -15.4   -12.8    -6.0    -0.3
1991    -0.1    -1.8    -5.8    -6.6   -15.5   -10.4   -13.0   -10.3   -14.6    -9.7    -3.9     1.2
1992     0.5    -2.2    -6.2   -11.3   -16.3   -11.7   -16.0   -12.7   -16.6   -12.6    -6.1    -2.0
1993     0.4    -1.1    -7.0   -10.0   -16.8   -17.9   -16.4   -18.3   -15.5   -14.1    -7.1    -2.8
1994    -1.6    -2.4    -6.9   -14.0   -17.8   -10.9   -13.5   -18.1   -11.5   -10.3    -5.7    -2.9
1995    -2.0    -4.3    -8.0   -12.7   -18.7   -12.8   -10.9   -11.4   -12.3   -13.7    -5.4    -2.5
1996    -1.0    -2.6    -5.6    -8.7   -16.2   -15.7   -11.4   -11.4   -12.3   -11.5    -4.1    -0.7
1997     0.0    -2.4    -8.0   -12.3   -16.6    -9.7   -16.7   -17.3   -14.8   -13.2    -4.3    -0.3
1998    -0.5    -2.7    -9.0   -13.1   -10.7   -14.6   -17.9   -14.6   -17.1   -11.9    -5.1    -0.7
1999    -1.4    -3.5    -9.2   -19.3   -17.7   -14.4   -18.9   -15.4   -15.2   -11.6    -6.4    -2.6
2000    -1.8    -2.7    -8.2   -15.3   -16.1   -15.4   -13.2   -11.5    -9.3   -13.1    -4.2    -1.0
2001    -0.2    -4.5    -4.8   -10.8   -11.1   -15.1   -10.1   -16.2   -11.0   -11.9    -6.4    -2.0
2002     0.4    -2.9    -6.1    -8.5   -11.3   -10.7   -12.6   -14.0   -14.0   -12.2    -4.0    -2.1
2003    -0.1    -2.2    -6.6   -10.2   -17.1   -17.4   -16.0   -14.2   -13.4   -12.3    -6.1    -1.0
2004    -0.7    -1.1    -7.2   -11.1   -14.3   -14.4   -16.6   -12.5   -13.4   -10.5    -6.3    -0.2
2005     0.7    -2.0    -7.7   -10.7   -14.9   -13.5   -18.5   -17.4   -12.6   -10.5    -5.6     0.8
2006    -0.4    -2.5    -5.8    -7.7   -18.4   -15.0   -12.3   -12.1   -15.0   -12.6    -7.0    -1.4
2007     0.1    -2.1    -5.0    -8.2   -12.6   -13.5   -10.9   -13.7   -13.0   -10.2    -4.3    -1.9
2008    -1.2    -4.1    -8.1    -9.6   -12.3   -13.5   -12.9   -13.4   -14.6   -13.0    -5.1    -1.3
2009    -0.8    -1.6    -5.4   -11.5   -11.3   -12.3    -9.3   -14.8   -10.5    -9.3    -5.7    -1.4
2010     1.3    -3.5    -8.0   -14.6   -14.0   -13.1   -15.9   -15.8   -14.1   -11.2    -6.0    -1.6
2011     0.8    -3.9    -7.0    -8.5   -16.5   -17.2   -16.3   -12.3   -13.4   -11.0    -6.6    -1.2
2012    -1.5    -2.9    -6.8   -10.7   -13.1   -16.8   -17.5   -15.6   -15.6    -9.9    -5.3    -1.4
2013     0.1    -3.6    -9.8   -14.0   -11.5   -13.3   -19.2   -16.0    -8.2   -11.9    -6.2    -1.2
2014     0.7    -2.8    -8.9   -13.5   -14.4   -19.3   -15.0   -20.4   -12.5   -10.8    -3.7    -0.5
2015    -0.3    -1.5    -6.6   -14.0   -16.4   -13.2   -18.1   -16.4   -15.5   -13.8    -5.5    -0.8
2016    -1.2    -3.7    -7.6   -11.8   -10.6   -17.3   -17.1   -12.7   -15.6    -9.6    -3.7    -0.5
2017     0.3    -1.7    -6.2   -10.0   -13.3   -19.4   -18.0   -16.6   -16.2   -13.1    -4.8    -1.2
2018    -0.5    -2.4    -8.7    -7.3   -14.9       -   -11.2   -19.3   -16.9   -10.3    -4.8    -1.2
2019    -0.3    -2.6    -5.9   -10.7   -16.0   -16.3   -13.0   -14.6   -16.6   -11.7    -4.8    -0.9
2020     1.1    -2.7    -8.9    -6.8   -14.8   -15.6   -13.8   -16.9   -12.7   -10.7    -5.4    -2.0
2021    -1.0    -2.6    -7.0   -14.4   -16.3   -13.2   -15.6   -11.7   -12.7    -7.5    -7.1    -0.5
2022    -1.1    -2.5    -6.0   -12.7   -12.3   -16.5   -12.4   -18.3   -12.6    -8.1    -5.6    -1.0
2023    -0.4    -2.3    -6.1    -8.8   -16.5   -15.0   -17.5   -17.0   -11.1   -11.8    -6.0    -1.8
2024    -0.9    -3.4    -7.3   -17.7   -14.4   -18.9   -12.6   -13.4   -16.7   -13.0    -5.0    -0.3
2025     0.5    -2.2    -5.9   -14.9   -18.1   -10.4   -16.7   -14.0   -15.3   -10.3    -4.5     0.1
2026     0.5    -1.3    -8.8    -5.5   -15.7   -17.8   -17.0       -       -       -       -       -
