Davis temperature
1957       -    -3.0    -8.1    -9.5   -14.4   -11.8   -17.3   -15.2   -16.1    -8.5    -6.3     0.0
1958     0.3    -3.7    -7.4   -11.9   -13.5   -16.8   -14.4   -18.9   -18.3   -13.0    -6.1     0.0
1959    -1.4    -3.7    -5.2   -11.6   -13.0   -17.0   -17.4   -16.9   -19.6   -11.0    -5.9    -0.2
1960    -0.1    -2.3   -11.1   -14.6   -16.9   -19.6   -22.7   -17.5   -16.2   -12.4    -4.3    -0.9
1961     0.6    -0.3    -6.4    -9.6   -11.6   -15.7   -13.1   -15.6   -12.0   -12.3    -4.7    -1.4
1962    -1.4    -2.4    -8.8   -14.8   -19.0   -16.1   -19.4   -21.5   -17.6   -12.3    -5.2    -0.7
1963     0.5    -4.3    -9.5   -14.1   -16.3   -14.5   -17.2   -13.5   -15.0   -13.9    -5.0    -0.7
1964     0.3    -1.5    -9.1   -16.5   -18.1   -13.4   -17.2   -15.0   -20.9   -12.4       -       -
1965       -       -       -       -       -       -       -       -       -       -       -       -
1966       -       -       -       -       -       -       -       -       -       -       -       -
1967       -       -       -       -       -       -       -       -       -       -       -       -
1968       -       -       -       -       -       -       -       -       -       -       -       -
1969       -       -    -7.6   -12.3   -17.0   -15.2   -18.8   -22.6   -17.1   -12.0    -5.5     1.2
1970     0.4    -3.3    -6.1   -12.0   -11.3   -16.9   -17.5   -17.0   -14.9   -12.7    -4.9     1.0
1971     1.7    -2.0    -8.8   -14.5   -13.1   -18.3   -16.0   -14.6   -14.5   -10.4    -5.3     1.4
1972     3.0    -2.0    -6.9   -11.3   -19.2   -13.7   -18.6   -12.4   -16.7   -15.0    -5.0    -1.0
1973     0.9    -3.0   -10.9   -13.9   -14.4   -12.7   -20.9   -18.0   -12.0   -10.1    -2.8    -1.1
1974     2.2    -2.5    -8.8   -12.3   -16.4   -13.0   -15.3   -14.1   -18.3    -7.6    -2.8     2.1
1975     2.6    -2.9    -9.6   -14.3   -11.7   -14.3   -18.2   -19.8   -18.3   -12.1    -3.2    -0.1
1976     1.7    -2.5    -9.8   -13.3   -20.0   -14.7   -16.1   -21.1   -18.3    -9.5    -4.7     1.6
1977     3.1    -2.1    -9.8   -13.1   -14.7   -15.2   -17.6   -15.9   -21.2   -14.8    -7.2    -0.5
1978    -0.2    -2.4    -6.4   -11.2   -15.0   -13.3   -16.2   -22.2   -17.3   -16.7    -4.6     0.3
1979     0.1    -3.3    -9.2   -12.2   -15.6   -17.8   -20.5   -17.8   -14.8   -12.5    -4.9     0.8
1980     0.7    -3.4    -6.2   -10.1   -19.6   -19.9   -11.9   -17.3   -13.7   -11.7    -2.3     0.2
1981     0.7    -3.3    -7.8   -17.2   -16.2   -16.2   -16.0   -12.1   -14.8   -15.0    -4.9    -0.6
1982     0.2    -2.5   -12.3   -18.1   -15.9   -22.4   -15.5   -25.2   -23.1   -12.6    -4.5     1.0
1983     1.7    -2.0    -8.4   -10.6   -13.1   -15.0   -20.7   -16.3   -13.1   -13.6    -7.7    -1.2
1984     2.2    -2.6    -8.0   -10.9   -14.3   -17.5   -18.6   -15.9   -14.7   -15.5    -5.5     1.2
1985     1.4    -3.7    -7.6   -11.4   -15.1   -13.6   -25.3   -18.1   -17.3   -12.9    -6.1    -1.3
1986     0.0     1.2    -7.0   -12.4   -11.9   -18.5   -18.6   -18.6   -15.1   -11.3    -5.9    -0.8
1987     1.4    -2.3    -9.0   -14.3   -17.8   -14.9   -13.5   -19.4   -18.9   -11.7    -5.2     0.4
1988     1.0    -3.1    -5.6   -12.6   -11.0   -12.3   -18.2   -15.0   -13.7    -8.7    -5.5    -1.4
1989     0.5    -3.0   -10.8   -14.9   -19.9   -14.5   -18.5   -13.6   -11.3    -9.0    -7.1     1.3
1990     1.4    -2.9    -8.5    -9.1   -12.4   -15.8   -16.5   -15.8   -17.5   -12.3    -4.0     0.7
1991    -0.5    -1.5    -6.6    -8.4   -14.0   -11.4   -11.1   -14.3   -17.4   -11.4    -4.2     2.7
1992     1.7    -0.8    -7.5   -17.8   -18.0   -17.3   -20.6   -18.6   -20.3   -11.3    -4.4    -1.5
1993     1.5    -2.2    -8.2   -14.2   -20.6   -18.2   -22.2   -21.8   -20.0   -12.7    -5.8    -1.2
1994    -0.2    -2.8    -8.7   -14.3   -19.6   -11.0   -15.4   -20.0   -11.8   -10.1    -4.6    -0.4
1995    -0.1    -2.9    -7.0   -13.9   -16.3   -16.2    -7.0   -17.3   -16.4   -13.5    -4.1    -0.2
1996     1.4    -1.4    -8.1   -12.1   -17.5   -14.3   -17.4   -13.3   -13.4   -11.9    -3.5     0.0
1997     0.2    -2.1    -6.0   -15.1   -17.0   -14.5   -16.4   -18.7   -18.2   -12.0    -4.6     0.8
1998     0.1    -2.2    -9.4   -20.8   -16.1   -15.7   -19.2   -12.8   -16.8   -12.7    -3.8     0.3
1999     0.0    -2.4    -9.0   -14.3   -17.8   -14.0   -19.5   -16.9   -17.3   -10.1    -7.4    -2.0
2000    -0.6    -3.2    -7.3    -9.6   -17.3   -15.7   -15.7   -14.7   -13.7   -15.2    -2.7     0.4
2001     1.3    -2.3    -7.3   -13.1   -13.2   -16.9   -16.2   -19.8   -16.3   -11.3    -3.7    -0.6
2002     1.0    -3.1    -6.1   -10.8   -10.6   -13.3   -14.7   -19.1   -15.1    -9.7    -4.2    -0.6
2003     1.6     0.0    -6.3   -13.0   -17.4   -14.4   -19.4   -18.2   -14.2   -11.6    -4.6     1.1
2004     1.7    -0.7    -7.7   -13.4   -13.4   -18.1   -21.1   -15.2   -17.1   -10.4    -3.7     1.9
2005     2.0    -2.8    -6.2   -15.6   -17.2   -15.1   -20.4   -19.6   -15.1   -11.2    -4.7     2.5
2006     0.9    -3.1    -7.0    -8.8   -19.5   -14.9   -20.2   -14.6   -15.1   -12.9    -4.0    -0.3
2007     1.1    -1.5    -7.7   -10.7    -9.7   -13.9   -11.4   -13.7   -15.5   -12.0    -2.6    -0.9
2008    -0.5    -2.6    -8.0   -12.0   -13.4   -16.9   -15.8   -22.6   -20.6   -14.1    -4.4     0.4
2009     0.8    -1.9    -7.8   -13.6   -13.5   -15.0   -14.2   -19.1   -13.2   -11.9    -4.4    -0.5
2010     2.3    -1.9    -6.8   -15.4   -15.6   -14.1   -21.2   -19.7   -11.1   -12.2    -6.6    -0.2
2011     1.2    -4.9    -6.8   -12.9   -16.6   -18.5   -12.2   -15.1   -14.2   -14.2    -4.2    -0.7
2012     0.4    -2.3    -8.6   -11.3   -17.3   -14.8   -20.8   -19.2   -15.9    -9.6    -3.1     0.5
2013     1.5    -2.3   -12.0   -15.7   -16.8   -15.2   -16.0   -18.8   -10.9    -9.8    -4.2    -0.5
2014     2.0    -2.0   -10.3   -15.8   -11.5   -19.8   -20.2   -16.8   -12.7   -10.1    -2.5     0.0
2015     0.6    -2.1    -8.2   -15.8   -23.3   -15.7   -21.9   -17.6   -15.3   -13.2    -4.8     0.2
2016     0.1    -3.5   -10.8   -14.1   -16.8   -20.9   -19.3   -16.4   -20.5   -11.5    -2.2     1.4
2017     1.3    -2.1    -8.3   -15.8   -13.6   -19.7   -16.6   -17.4   -18.6   -13.4    -3.9    -0.6
2018     1.0    -2.1    -8.5    -9.8   -14.3   -14.2   -13.5   -12.4   -17.0   -11.5    -6.6     0.2
2019     0.6    -1.0    -7.5   -13.4   -18.4   -17.3   -18.2   -14.1   -15.3   -11.6    -3.0     0.1
2020     1.6    -2.5   -11.1   -12.6   -13.7   -14.1   -14.8   -13.9   -12.2   -10.7    -3.4    -1.1
2021    -0.3    -2.6    -7.1   -12.0   -16.9   -18.7   -15.7   -13.4   -14.1    -8.3    -6.9     0.4
2022     0.3    -2.1    -7.5   -12.8   -15.9   -11.2   -16.6   -15.3   -14.6    -9.4    -6.5    -0.4
2023    -0.5    -2.1    -7.3    -9.9   -19.1   -14.2   -21.4   -23.8   -12.6   -11.6    -4.9    -0.7
2024     0.7    -3.0    -7.1   -15.3   -15.3   -15.5   -20.7   -11.4   -16.6   -10.9    -4.5     0.7
2025     1.8    -2.7    -8.8   -15.8   -18.2   -15.1   -19.8   -18.1   -13.2    -7.1    -1.6     0.9
2026     1.4    -3.0    -6.0   -11.0   -17.6   -17.7   -22.5       -       -       -       -       -
