Marambio temperature
1970       -       -       -       -       -       -       -       -    -8.6    -5.9    -3.3    -1.6
1971    -2.2    -5.1    -7.1   -12.6   -17.1    -9.8   -12.5   -15.2   -13.4    -6.5    -4.5    -3.7
1972    -2.4    -4.3   -11.0   -17.3   -12.8   -21.0   -18.7   -17.0   -11.8    -6.2    -4.1    -0.5
1973    -4.3    -3.6    -5.5   -14.5   -19.3   -17.3   -10.5   -15.9   -17.7    -6.1    -3.4    -1.8
1974    -3.3    -0.8    -4.1   -15.6   -13.8   -14.7   -15.0   -17.6   -13.0    -7.6    -4.7    -0.6
1975    -2.0    -3.8    -9.5   -12.3   -17.6   -16.6   -19.8   -19.0   -13.2    -4.0    -3.3    -2.3
1976    -2.9    -2.3    -6.1   -12.0   -11.2   -13.5   -23.0   -15.3   -12.1    -1.5    -1.6    -2.1
1977    -1.1    -2.7    -6.3   -11.5   -10.2   -12.5   -12.8   -17.5   -13.6    -6.3    -4.4    -1.8
1978    -1.7    -1.9    -6.1    -7.7    -7.6   -20.6   -20.8   -14.8    -9.9    -5.1    -3.8    -2.7
1979     1.5    -3.3    -3.9    -6.9    -9.6   -17.3   -13.4   -13.1    -9.1    -9.3    -4.8    -2.4
1980    -2.2    -4.8    -7.6   -15.1   -13.9   -17.8   -20.5   -17.7   -15.1    -6.7    -8.2    -1.7
1981    -1.1    -3.2    -6.2    -6.4   -12.2    -9.3   -11.8   -18.1   -11.4   -12.0    -4.6    -1.4
1982     0.3    -2.6    -6.8    -9.1    -8.6    -6.9   -18.4   -12.0   -10.1    -2.9    -6.8    -2.0
1983    -1.7    -3.8    -9.0    -7.6   -15.2   -13.6   -14.8    -6.2   -13.3    -8.2    -5.2    -0.6
1984    -3.4    -3.7    -4.3   -11.7   -14.6   -16.0    -8.8    -9.9    -3.9    -8.7    -3.4    -1.7
1985    -1.4    -4.3    -9.5   -11.9   -16.6   -12.2    -7.7   -12.2    -6.6    -5.9    -1.6    -1.5
1986    -2.8    -4.5    -6.9   -11.8   -21.7   -19.7   -16.7   -18.8   -10.4    -5.8    -5.4    -1.2
1987    -1.2    -2.4    -6.0   -16.8   -17.6   -18.6   -20.9    -9.4   -12.1    -6.8    -1.4    -0.5
1988    -2.0    -0.8    -7.6    -9.6   -11.7   -19.8   -13.1   -14.8   -10.3    -9.3    -6.9    -2.4
1989    -1.7    -2.1       -   -16.1    -7.5   -11.1    -3.2   -10.0    -8.8    -6.4    -3.4    -5.1
1990    -1.7     0.7       -   -14.7   -17.0   -13.8   -16.3   -15.8    -6.6   -12.0    -4.7    -2.3
1991     0.6    -4.4   -10.5   -10.6   -18.2   -16.0   -15.4   -13.2    -6.8    -9.6    -2.8    -2.7
1992    -0.3    -4.2    -9.7   -10.2   -18.6   -16.3   -14.4   -15.7    -7.6    -9.8    -0.3     2.0
1993    -1.6    -0.9    -3.0   -11.1   -12.7   -15.4   -14.0   -11.7   -13.8    -5.8    -2.5    -2.3
1994    -1.7    -3.5    -5.3   -10.8   -14.1   -17.4   -20.6   -10.6   -12.7   -14.3    -3.3     0.4
1995     1.2     0.0    -6.0   -13.7   -11.1   -16.3   -22.0   -17.1   -12.7    -3.7    -5.4     0.1
1996    -0.6    -0.9    -6.3   -10.6   -14.7   -16.9   -11.3   -11.4   -14.2    -5.3    -2.8    -1.5
1997     0.0    -2.7    -2.8   -12.1    -6.7   -14.1   -17.2   -14.9   -15.7   -12.4    -8.2    -1.0
1998    -0.7    -0.2    -3.8    -2.4    -7.0    -7.6   -17.3   -16.4   -13.2   -10.0    -1.8    -1.7
1999     0.3    -1.3    -3.0    -5.2    -7.2   -13.9   -14.9   -13.5   -12.7    -2.2    -1.4     0.5
2000    -0.9     0.5    -3.0    -8.1    -9.6    -8.3    -9.1   -17.4   -12.3    -6.3    -3.7    -2.3
2001    -2.0    -4.1    -9.7   -14.5    -8.5   -15.6   -16.2    -8.5    -6.2    -2.3    -1.7     0.6
2002     0.2     1.4    -5.6    -8.5   -17.2   -19.6   -15.3    -9.3    -7.2   -14.0    -4.8    -0.9
2003    -0.9    -1.2    -3.0    -5.4   -12.1   -18.5   -17.4   -10.2    -7.8    -7.1    -7.1    -4.1
2004    -0.6    -0.9    -5.4    -9.7   -10.1   -12.3   -11.8   -12.6    -9.5    -5.5    -0.8    -0.9
2005    -1.2    -0.2    -5.4   -10.1   -13.6   -18.8   -16.3    -9.5    -8.7    -3.2    -1.4    -1.9
2006     1.5     0.5    -3.9    -7.4    -6.2   -10.3   -10.9   -18.5   -13.9    -3.6    -2.7    -1.7
2007    -0.5    -2.6    -7.1   -17.0   -13.7   -19.2   -23.1   -15.8   -11.0   -11.5    -6.8    -1.2
2008    -0.2    -0.7    -7.7   -12.8   -11.7   -14.7   -13.1   -10.7    -1.6    -6.5    -3.3     0.7
2009     0.1    -2.5    -3.5   -11.3   -14.3   -20.7   -19.0   -16.2   -11.8    -8.7    -5.4    -1.8
2010    -2.2    -3.2    -8.3   -15.1   -13.9    -6.9   -11.0   -12.8   -10.1    -2.6     0.0    -3.0
2011    -1.4    -0.2    -6.5   -16.4   -13.4   -17.2   -20.1   -13.0   -15.7    -7.1    -2.7     0.2
2012    -0.8    -3.9    -5.0   -12.5   -12.4   -16.9   -13.0   -15.0   -12.6    -9.6    -7.0    -3.8
2013    -2.0    -1.3    -2.5    -3.8   -16.2   -14.7   -18.6   -14.3    -9.3   -11.3    -4.3    -3.3
2014    -1.7    -3.3    -9.2    -5.9   -12.7   -14.2    -9.8   -15.5   -10.0    -9.6    -5.6    -2.8
2015    -0.8    -2.7    -5.0    -6.0   -11.5   -20.1   -16.1   -11.7   -16.6    -4.4    -4.7    -0.7
2016    -1.0    -1.3    -3.3   -10.8    -4.7    -9.7    -9.3   -16.2    -2.1    -1.8    -3.0    -2.0
2017    -1.8    -1.8    -2.0   -10.2   -11.1   -16.0   -15.1   -15.1   -10.7    -8.4    -2.7    -1.4
2018    -2.1    -2.3    -7.0    -9.5   -13.5   -13.6   -10.2   -13.5    -9.0    -5.6    -2.9    -0.5
2019    -2.4    -4.5    -6.0    -8.3   -12.4   -11.9   -13.9   -12.5   -10.4    -8.2    -2.5    -2.5
2020    -0.4     0.1    -4.5    -8.2       -   -12.4   -11.9   -21.8   -13.9   -10.6     0.1    -0.4
2021     0.0     0.3    -3.8    -7.2    -6.6   -13.6   -15.8   -15.6    -6.2    -6.4    -0.7     2.0
2022    -0.3     0.1    -3.3    -9.6   -12.4   -10.5   -11.5    -9.8       -    -5.6    -0.3    -0.3
2023     1.4    -0.8    -2.1    -6.8    -7.9   -16.1   -11.6   -10.1   -12.9   -10.5    -2.5    -0.7
2024    -0.8     0.1    -3.4   -10.5   -10.1   -14.3   -16.1   -14.3   -15.5   -11.2    -2.1    -0.6
2025     0.3    -4.3    -4.6    -1.1    -9.8   -10.0    -8.2   -12.0    -9.1    -9.5    -7.2    -2.1
2026    -0.1    -1.7    -1.4    -7.9    -8.8    -8.1   -12.0       -       -       -       -       -
