Mawson temperature
1954       -       -    -7.6   -17.6   -17.5   -14.4   -17.2   -19.7   -20.8   -14.7    -5.1     0.3
1955    -0.1    -6.9   -12.1   -14.3   -14.1   -18.3   -17.7   -15.3   -16.5   -11.2    -3.3     0.4
1956     1.0    -2.7   -11.3   -11.9   -14.7   -16.4   -17.4   -21.7   -17.7   -13.3    -5.2     1.3
1957     0.8    -4.1    -9.9   -13.0   -15.4   -11.6   -17.8   -15.7   -18.3    -8.8    -5.9    -0.3
1958     0.1    -5.6    -9.4   -14.3   -14.7   -15.7   -15.8   -19.9   -17.9   -13.7    -6.1    -0.5
1959    -1.5    -5.4    -6.9   -13.3   -14.5   -15.7   -17.1   -16.6   -19.8   -12.2    -7.0    -0.3
1960    -0.2    -3.4   -12.3   -16.7   -18.3   -22.0   -21.7   -18.9   -17.9   -13.6    -5.8    -1.3
1961    -0.5    -1.6    -9.1   -12.9   -12.9   -15.3   -15.4   -16.8   -12.8   -12.0    -4.6    -1.5
1962    -2.7    -4.3   -11.0   -14.2   -19.1   -14.6   -21.7   -23.7   -19.0   -13.4    -5.8    -1.3
1963     0.4    -5.4   -11.3   -14.7   -16.6   -16.2   -16.2   -14.7   -13.3   -14.5    -6.0    -1.6
1964    -0.3    -3.7   -10.3   -15.2   -18.6   -13.8   -15.2   -14.5   -20.6   -14.1    -4.1     0.7
1965     0.2    -2.7   -10.9   -15.8   -12.9   -21.2   -21.7   -17.8   -20.1   -13.1    -7.4    -0.2
1966    -0.6    -3.4    -7.6   -17.7   -13.0   -18.3   -14.2   -22.4   -15.5   -13.6    -5.6    -0.2
1967     1.5    -5.0    -8.5   -13.5   -14.6   -16.8   -16.3   -21.7   -16.3   -13.8    -4.4     0.4
1968    -0.3    -4.6    -9.7   -12.1   -14.7   -18.1   -20.2   -19.5   -18.5   -12.0    -5.7    -0.9
1969     0.2    -4.2    -9.5   -14.0   -16.3   -16.0   -19.7   -21.2   -18.6   -12.0    -6.1    -0.5
1970    -0.5    -5.7    -8.0   -13.1   -15.3   -19.7   -17.2   -19.6   -15.7   -12.4    -5.4     0.3
1971     1.1    -3.3   -10.4   -14.9   -15.3   -17.2   -18.2   -16.6   -15.8   -12.0    -6.4     0.7
1972     1.8    -3.8    -9.8   -11.8   -18.8   -16.5   -16.9   -14.1   -16.0   -14.6    -6.0    -0.4
1973     0.8    -4.8   -12.0   -14.1   -13.6   -15.4   -21.7   -21.3   -12.7   -11.4    -4.4    -1.6
1974     0.9    -4.3   -11.5   -13.5   -18.8   -13.8   -17.8   -15.0   -18.6    -9.4    -3.8     0.8
1975     1.5    -4.8   -10.6   -14.8   -13.9   -14.6   -20.3   -20.5   -18.6   -13.6    -3.8     0.1
1976     1.3    -4.0   -11.2   -14.9   -20.5   -17.7   -17.1   -22.4   -20.7   -10.6    -5.0     2.0
1977     2.5    -3.5   -11.4   -15.7   -15.1   -14.5   -14.5   -14.7   -19.1   -14.6    -7.3    -0.4
1978    -0.7    -4.2    -9.2   -13.1   -14.9   -15.8   -16.0   -23.2   -17.3   -15.4    -4.5     0.0
1979    -0.6    -5.8   -11.8   -13.6   -18.7   -18.4   -22.1   -19.8   -16.2   -12.6    -4.9     0.6
1980     0.2    -4.7    -8.7   -12.1   -20.4   -20.4   -14.2   -18.9   -14.3   -14.6    -2.7     0.1
1981    -0.1    -3.9    -8.8   -17.5   -17.7   -18.8   -17.7   -14.1   -17.5   -15.1    -5.5    -0.7
1982    -0.3    -5.2   -12.8   -19.1   -18.5   -23.3   -18.2   -24.1   -23.0   -12.7    -4.2     1.0
1983     0.9    -3.9   -11.7   -12.7   -15.2   -19.2   -21.7   -16.5   -14.2   -12.9    -8.5    -1.8
1984     1.0    -4.8   -10.8   -15.2   -14.8   -19.3   -21.0   -16.7   -15.3   -16.5    -5.6     0.3
1985     0.6    -5.0   -10.1   -13.5   -17.3   -14.3   -24.0   -19.7   -18.3   -14.3    -7.6    -1.7
1986    -1.0    -1.1    -8.9   -15.6   -14.1   -20.0   -19.7   -20.0   -16.3   -11.3    -6.1    -0.8
1987     0.9    -4.0    -9.8   -15.6   -18.7   -15.3   -16.0   -21.7   -19.7   -13.4    -5.8    -0.1
1988     0.7    -5.4    -6.8   -15.3   -14.4   -14.7   -17.8   -15.8   -15.2   -10.1    -6.7    -1.5
1989     0.0    -3.9   -11.2   -16.7   -21.5   -17.2   -18.7   -14.7   -14.5   -10.5    -6.9     1.2
1990     1.0    -4.4   -10.0   -10.6   -14.0   -16.8   -16.7   -20.1   -19.0   -12.3    -4.8    -0.1
1991    -0.7    -2.8    -7.8   -10.1   -15.5   -13.8   -13.3   -16.6   -17.5   -13.5    -5.7     1.4
1992     0.9    -2.2    -9.5   -15.3   -16.3   -17.3   -19.5   -18.4   -21.4   -12.0    -5.4    -2.2
1993     0.8    -4.1   -11.2   -16.9   -19.5   -19.1   -22.0   -22.3   -19.5   -12.9    -7.0    -1.8
1994    -1.1    -5.1   -11.5   -15.9   -20.8   -12.1   -15.7   -20.6   -14.8   -12.0    -6.3    -1.7
1995    -2.3    -4.8    -9.9   -12.1   -16.9   -18.7    -8.9   -20.6   -17.7   -14.0    -5.9    -0.6
1996     0.1    -3.2   -10.0   -15.2   -21.5   -15.1   -18.4   -14.0   -13.9   -12.4    -4.7    -0.5
1997    -0.8    -4.2    -8.4   -15.6   -19.2   -15.3   -19.3   -18.6   -19.9   -13.4    -4.9    -0.7
1998    -0.6    -4.4   -11.2   -19.2   -18.1   -15.2   -18.6   -16.5   -17.6   -14.2    -4.9    -1.0
1999    -1.1    -4.7    -9.6   -16.8   -18.3   -14.6   -19.5   -19.1   -17.6   -13.5    -6.4    -2.4
2000    -1.2    -5.9   -10.6   -11.1   -18.2   -15.1   -18.2   -16.4   -15.4   -16.2    -4.3    -0.4
2001     0.1    -4.0   -10.1   -16.0   -14.8   -16.4   -16.8   -20.9   -18.4   -12.4    -5.2    -1.3
2002    -0.1    -5.1    -8.8   -13.2   -11.7   -15.1   -16.6   -20.6   -15.7   -11.4    -6.0    -1.4
2003     0.3    -1.6    -9.2   -16.2   -17.7   -15.8   -18.4   -19.3   -15.9   -13.3    -6.5     0.1
2004     0.4    -2.8   -10.4   -15.8   -15.4   -19.3   -20.5   -16.9   -20.0   -11.6    -5.1     0.5
2005     0.4    -4.7    -8.0   -15.6   -18.9   -14.0   -18.5   -18.7   -16.2   -12.5    -6.9     1.0
2006    -0.1    -5.3   -10.0   -12.4   -18.3   -15.9   -21.4   -16.0   -16.1   -13.7    -5.4    -1.7
2007    -0.1    -4.4   -10.4   -12.0    -9.9   -14.6   -13.8   -15.9   -18.1   -12.2    -4.2    -2.0
2008    -1.7    -4.9   -10.5   -12.7   -14.2   -20.4   -15.9   -21.6   -18.4   -15.3    -5.5    -0.6
2009    -0.8    -3.9    -9.4   -15.9   -13.8   -13.6   -14.0   -19.7   -15.1   -12.0    -5.4    -1.1
2010     0.8    -3.5    -9.3   -15.8   -16.6   -18.1   -21.4   -20.5   -13.1   -13.3    -7.0    -1.4
2011     0.1    -5.8    -9.0   -14.7   -16.4   -15.4   -13.7   -16.7   -15.9   -15.0    -5.2    -1.6
2012    -1.3    -4.5   -11.8   -14.4   -18.4   -16.9   -21.0   -19.5   -18.7   -11.2    -4.4    -0.3
2013    -0.2    -4.3   -11.8   -14.7   -20.1   -15.4   -17.8   -17.9   -12.2   -10.1    -4.3    -0.8
2014     0.6    -4.4   -12.3   -17.7   -13.3   -19.1   -20.3   -17.6   -13.4   -12.3    -4.0    -1.1
2015    -0.6    -4.5   -10.4   -15.6   -21.8   -17.3   -23.4   -20.5   -17.0   -13.0    -4.6    -0.4
2016    -0.7    -5.5   -11.7   -15.1   -16.5   -21.2   -19.7   -14.9   -19.7   -11.3    -2.8     0.5
2017     0.5    -4.1    -9.7   -18.7   -13.5   -19.3   -16.7   -19.9   -18.1   -13.4    -4.1    -1.0
2018    -0.2    -4.5   -11.5   -11.1   -15.2   -14.4   -16.6   -12.8   -17.7   -12.5    -7.1    -0.7
2019     0.0    -2.6    -9.8   -13.6   -17.4   -16.5       -   -16.6   -17.2   -10.3    -4.2     0.1
2020     0.4    -4.3   -11.9   -14.2   -13.6   -15.3   -16.0   -14.4   -14.4   -11.1    -4.4    -1.1
2021    -1.0    -5.2    -9.3   -13.2   -17.7   -18.7   -16.8   -15.0   -14.3   -10.7    -6.6    -0.1
2022    -0.2    -4.3    -8.6   -16.0   -17.4   -12.5   -17.9   -15.5   -16.3   -10.4    -7.0    -1.2
2023    -0.9    -3.6    -9.3   -11.0   -18.0   -15.4   -19.7   -20.7   -13.5   -12.3    -6.6    -0.5
2024     0.0    -3.8    -9.2   -17.1   -16.8   -17.8   -17.8   -11.2   -18.2   -12.0    -6.1     0.2
2025     0.9    -4.4   -11.1   -14.7   -17.1   -15.7   -19.3   -20.0   -13.7    -8.1    -2.9    -0.7
2026     0.5    -5.2    -7.9   -12.3   -17.9   -19.8   -23.1       -       -       -       -       -
