Neumayer temperature
1981       -       -       -   -15.9   -19.2   -22.8   -17.2   -20.6   -23.7   -18.7    -9.9    -4.5
1982    -2.9    -9.6   -15.3   -16.4   -21.0   -28.6   -23.0   -24.9   -20.1   -18.1    -8.1    -4.0
1983    -4.8    -6.4   -11.9   -16.8   -17.4   -23.3   -27.6   -25.1   -19.7   -15.9   -11.4    -6.3
1984    -3.9   -11.2   -13.4   -17.9   -18.8   -26.1   -22.8   -28.1   -22.3   -19.3   -10.6    -4.8
1985    -4.1   -10.0    -9.2   -16.4   -20.4   -20.1   -24.2   -24.7   -21.3   -18.7   -12.9    -5.3
1986    -4.6    -5.1   -12.7   -15.8   -23.6   -25.3   -26.1   -21.7   -22.2   -19.9    -8.8    -5.6
1987       -    -8.7   -10.8   -16.3   -22.4   -23.3   -20.3   -26.8   -26.6   -21.4    -8.9    -5.3
1988    -2.8    -8.1    -8.4   -16.1   -20.2   -15.2   -25.3   -27.1   -25.5   -18.4   -10.1    -4.6
1989    -3.6    -7.6   -12.5   -15.0   -20.7   -21.7   -29.5   -33.4   -24.0   -20.7    -9.6    -5.5
1990    -4.2    -9.1   -11.9   -17.5   -19.3   -25.6   -20.3   -26.8   -27.1   -13.9    -8.8    -3.8
1991    -4.2    -7.0   -15.0   -19.2   -20.0   -17.7   -23.6   -23.7   -23.6   -17.9   -10.5    -3.0
1992    -2.2    -7.2    -9.9   -20.2   -17.2   -19.5   -24.9   -31.3   -24.9   -18.2   -10.6    -5.3
1993    -4.1   -10.0   -15.9   -21.4   -20.2   -20.9   -25.5   -24.6   -23.1   -16.5   -10.6    -5.1
1994    -5.3    -7.2   -14.5   -16.3   -24.0   -21.5   -24.7   -24.5   -21.3   -17.0   -11.0    -4.6
1995    -5.0    -6.6   -11.8   -21.6   -22.2   -22.9   -26.7   -22.1   -26.8   -15.2    -9.7    -3.9
1996    -4.0    -6.1   -11.9   -16.9   -22.1   -27.9   -17.6   -20.7   -16.3   -15.5    -8.2    -4.4
1997    -4.3    -8.7   -13.5   -17.1   -20.0   -19.8   -27.8   -24.1   -21.1   -19.0    -7.4    -4.4
1998    -4.8    -6.2   -15.0   -19.8   -17.9   -19.5   -24.4   -22.2   -23.0   -20.1   -11.2    -4.3
1999    -4.2    -7.3   -12.8   -18.9   -25.7   -25.2   -20.9   -19.4   -21.5   -19.9   -10.7    -6.0
2000    -5.8   -11.2   -15.9   -20.6   -20.2   -23.6   -28.7   -26.3   -24.3   -21.2   -10.1    -5.9
2001    -5.4    -8.4   -13.7   -16.6   -22.3   -18.5   -20.6   -24.8   -24.4   -14.7   -10.1    -4.4
2002    -3.4    -8.6   -11.5   -15.3   -17.5   -17.9   -26.7   -24.0   -26.6   -16.7   -13.4    -5.4
2003    -5.5    -7.7   -13.5   -16.8   -17.7   -21.7   -24.2   -20.8   -26.0   -17.4    -9.0    -4.2
2004    -2.6    -6.0   -14.5   -19.3   -22.3   -26.1   -28.9   -25.2   -23.9   -17.5   -11.3    -3.8
2005    -2.6    -8.0   -11.8   -13.6   -22.6   -21.1   -26.3   -26.7   -27.6   -18.0   -12.7    -3.9
2006    -3.1    -7.7   -14.0   -16.7   -23.3   -25.3   -25.0   -16.0   -21.2   -20.3    -8.6    -6.3
2007    -4.0   -10.0   -10.9   -22.0   -18.0   -22.3   -24.2   -27.0   -25.4   -16.6    -7.7    -5.5
2008    -5.8    -9.5   -10.9   -13.8   -22.3   -25.1   -23.9   -27.2   -27.9   -18.0   -10.8    -6.0
2009    -4.6   -10.4   -14.6   -18.4   -16.1   -19.7   -22.4   -28.2   -24.0   -14.2   -10.1    -4.8
2010    -2.4    -6.6   -12.1   -16.1   -18.5   -27.6   -29.3   -25.7   -22.5   -18.2   -11.0    -4.7
2011    -3.3    -5.6   -16.3   -18.7   -19.3   -25.5   -25.1   -22.2   -24.5   -17.8   -10.7    -5.3
2012    -5.6    -7.2   -13.2   -24.8   -18.1   -21.8   -29.5   -26.2   -20.2   -14.9    -7.0    -3.4
2013    -3.6    -8.3   -14.6   -17.4   -21.6   -21.0   -24.4   -21.5   -23.4   -19.1    -8.0    -3.5
2014    -3.9    -9.5   -13.3   -22.0   -20.4   -24.3   -26.3   -23.1   -23.8   -19.3    -8.6    -5.8
2015    -4.8    -9.1   -13.9   -18.7   -23.9   -23.6   -25.0   -26.5   -23.7   -16.2    -8.7    -5.5
2016    -5.2    -8.6   -12.8   -16.3   -15.5   -28.7   -25.2   -20.9   -21.8   -15.8    -8.8    -4.2
2017    -3.9    -6.4   -15.5   -15.9   -21.1   -26.6   -26.5   -26.1   -20.3   -13.8    -8.7    -4.4
2018    -4.4    -8.1   -10.6   -19.7   -17.5   -20.0   -24.4   -25.8   -21.5   -20.8    -9.7    -4.8
2019    -3.4    -8.4   -17.0   -16.7   -20.9   -26.4   -27.6   -29.7   -25.2   -13.2    -9.0    -3.5
2020    -3.0    -8.2   -12.9   -13.7   -23.0   -23.5   -28.9   -33.0   -19.6   -18.6    -9.0    -5.1
2021    -6.2   -10.6    -8.3   -16.1   -18.1   -28.2   -29.3   -28.4   -21.2   -17.9    -9.6    -5.6
2022    -3.7    -8.0   -14.1   -15.4   -18.6   -21.3   -25.5   -27.6   -23.4   -14.2   -10.7    -4.8
2023    -4.0    -9.2   -12.0   -11.2   -20.8   -20.5   -19.8   -26.0   -17.8   -14.3    -8.0    -4.5
2024    -4.5    -4.9   -13.7   -15.4   -18.4   -24.9   -21.9   -22.2   -17.4   -16.0   -11.9    -3.7
2025    -2.8    -5.7   -11.1   -21.8   -16.5   -24.9   -27.9   -18.3   -19.1   -17.1   -10.1    -5.8
2026    -3.6    -8.0   -14.6   -17.8   -18.5   -23.0   -20.4       -       -       -       -       -
