Rothera temperature
1976       -       -       -       -       -       -       -       -       -       -       -    -0.2
1977       -       -       -    -1.9    -7.1   -10.2   -14.8   -11.7   -17.7   -10.3    -2.6     0.0
1978     0.0    -1.0    -3.0    -5.1    -6.5    -8.7   -19.5   -14.6    -8.0    -7.3    -4.5    -0.9
1979     0.9    -0.4    -0.5    -3.5   -10.0   -11.2   -12.1   -12.7    -8.2    -7.6    -2.3     0.2
1980     0.6     0.9    -4.2   -10.6   -11.3   -15.1   -20.5   -18.1   -11.1    -7.8    -6.5     0.0
1981     0.6    -1.3    -1.5    -3.6    -8.8    -9.4    -9.7   -12.7   -10.3    -7.5    -4.3    -0.3
1982     1.2     0.0    -1.5    -3.5    -2.8    -4.3   -15.2   -14.2   -11.0    -9.7    -5.2     0.3
1983     1.6     0.2    -1.7    -1.4    -2.5    -4.6    -5.1    -7.1    -8.4    -6.0    -1.3     0.8
1984     1.1     1.1     0.7    -2.6    -5.4    -9.9    -8.6    -7.0    -3.8    -6.2    -2.3     1.1
1985     1.9     0.9    -0.9    -2.2    -4.3    -5.8    -8.6    -7.4    -4.9    -3.6    -0.1     0.2
1986     1.1     1.4    -1.1    -2.3    -9.3    -8.5    -9.9   -12.1   -10.7    -5.2    -3.6    -0.1
1987     1.8     0.7    -2.0    -4.5    -4.4   -10.8   -20.5   -11.6   -15.9    -6.0    -2.2     0.0
1988     1.1     0.4    -1.4    -2.8    -3.6    -7.2    -7.7   -12.4    -6.0    -3.9    -1.7     0.8
1989     2.0     2.0     0.3    -4.0    -2.6    -5.2    -2.7    -3.9    -4.8    -3.3    -0.8     1.2
1990     2.5     2.7    -1.0    -4.0    -4.8    -6.0    -5.1   -10.6    -8.1    -5.3    -4.2     0.1
1991     1.0     0.6    -1.8    -2.8    -7.9   -13.9   -10.1   -10.1    -6.4    -7.0    -2.6     0.8
1992     1.6    -0.6    -2.8    -3.2    -7.5   -14.1   -13.7    -9.6    -7.6    -5.8    -1.8     1.9
1993     1.7     0.9    -1.8    -3.2    -6.0    -9.0    -9.5    -8.0    -7.6    -4.8    -1.1    -0.8
1994     0.3    -0.4    -1.3    -2.9    -5.2   -10.6   -15.6    -8.9    -8.9   -10.5    -0.3     0.1
1995     2.0     0.0    -1.5    -2.2    -4.1   -10.8   -13.9   -14.9   -11.8    -3.6    -3.0     1.0
1996     1.5     0.6    -0.6    -2.0    -3.7    -6.9   -10.2   -10.2    -5.0    -4.8    -3.0    -0.1
1997     2.2     0.6    -0.4    -2.5    -3.4    -7.6   -15.2   -10.4   -11.7    -5.4    -2.7     1.0
1998     1.8     1.7     0.1    -0.5    -4.1    -2.8    -5.6    -6.8    -6.9    -4.7    -2.3     0.5
1999     1.7     0.8     0.3    -1.2    -1.9    -6.6       -       -   -10.8    -3.8    -1.2     0.3
2000     0.2     0.6    -1.0    -2.6    -3.5    -5.6    -5.5   -10.7   -11.7    -4.5    -1.4     0.5
2001     2.4     1.7    -0.2    -3.3    -1.1    -5.7   -11.9    -8.5    -5.1    -3.4    -1.8    -0.1
2002     1.5     1.2    -2.6    -1.6   -10.4   -17.1   -12.1   -12.2    -6.8   -10.2    -2.9     1.2
2003     2.4     0.9    -0.5    -2.4    -5.4    -9.5    -6.1    -6.8    -8.1    -6.7    -3.1    -0.9
2004     1.5     1.0    -0.7    -2.0    -3.7    -7.3    -8.2   -10.6   -10.5    -5.5    -1.0     0.6
2005     0.8     0.4    -2.2    -4.0    -4.9   -11.6   -10.9    -9.8    -6.5    -3.2    -1.0    -1.2
2006     0.8     1.3    -0.3    -2.2    -3.9    -7.6    -8.6   -13.3   -11.2    -2.6    -2.6     1.0
2007     2.0     0.7    -1.7    -4.0    -3.3    -5.9   -11.6    -7.2    -4.6    -5.8    -2.8     0.0
2008     1.7     1.0    -0.9    -2.5    -2.8    -3.5    -8.1   -10.8    -2.0    -2.8    -1.3    -0.4
2009     1.6     0.9     0.6    -4.8    -3.1    -6.2   -11.7    -8.0    -7.4    -6.0    -3.1     0.6
2010     1.3     1.4    -1.6    -3.4    -3.7    -3.9    -7.7    -8.3    -4.1    -1.9    -0.8     0.1
2011     1.2     1.4     0.1    -4.1    -3.1    -7.0    -9.9    -8.7    -9.1    -5.0    -2.2     1.0
2012     0.6    -0.6    -0.9    -2.3    -2.6    -9.6    -7.3    -5.9    -5.5    -6.9    -4.0     0.0
2013     1.8     1.0     0.3    -1.6    -4.9    -8.3    -9.5    -9.5    -9.5    -5.8    -4.5    -1.7
2014     0.7    -0.7    -2.1    -1.4    -3.4    -5.6    -6.8    -8.6    -6.8    -5.6    -3.9    -0.9
2015     0.7     0.3    -1.1    -2.0    -5.9   -12.3   -14.9   -11.8   -13.4    -3.8    -3.1    -0.6
2016     0.2     0.3    -1.2    -5.6    -2.6    -3.1   -10.5   -13.6    -4.6       -    -3.2     0.3
2017     1.0     1.4     1.2    -2.7    -2.4    -5.5    -7.9    -6.2   -12.2    -5.3    -1.9     1.0
2018     1.5     1.4    -0.6    -1.8    -4.6    -5.7    -9.3   -10.0    -8.8    -3.5    -1.3    -0.2
2019     0.3    -0.4    -0.5    -2.6    -6.2    -5.7    -8.7    -9.4   -10.2    -5.7    -2.9     0.7
2020     2.3     2.3     0.0    -3.0    -3.0    -4.4    -9.0    -8.7    -8.9    -4.5    -1.0    -0.4
2021     1.1     0.9    -1.2    -3.2    -4.0    -6.0    -6.9    -9.3    -4.3    -2.8    -1.3     0.1
2022     1.3     1.1    -0.7    -2.6    -2.6    -4.7    -4.3    -3.3    -2.3    -3.5    -0.8     0.3
2023     1.4     0.8    -0.5    -2.3    -2.9    -5.5    -5.0   -10.7    -8.8    -5.6    -2.2     0.0
2024     1.2     1.2    -0.6    -2.8    -4.4    -8.7    -7.8   -11.1    -8.5    -4.5    -2.1     0.4
2025     1.2     0.2    -0.8       -    -2.6    -1.8    -4.7    -3.9    -3.3    -2.3    -1.1     2.1
2026     2.5     1.0     0.8    -0.7    -3.1    -2.9    -9.0       -       -       -       -       -
