Syowa temperature
1957       -       -    -5.2    -9.6   -14.8   -12.9   -17.8   -18.2   -20.4   -11.6    -6.6    -1.2
1958     0.4       -       -       -       -       -       -       -       -       -       -       -
1959       -    -4.4    -5.4   -10.1   -14.6   -13.3   -16.3   -19.2   -21.8   -12.8    -9.1    -2.2
1960    -0.8    -4.7    -7.5    -9.8   -15.6   -19.6   -19.3   -19.1   -22.5   -14.1    -7.4    -1.9
1961    -2.2    -2.3    -7.5   -11.4   -14.8   -13.8   -19.8   -18.9   -15.8   -11.0    -6.1    -2.7
1962    -2.1       -       -       -       -       -       -       -       -       -       -       -
1963       -       -       -       -       -       -       -       -       -       -       -       -
1964       -       -       -       -       -       -       -       -       -       -       -       -
1965       -       -       -       -       -       -       -       -       -       -       -       -
1966       -    -3.9    -5.9   -10.9   -12.7   -17.9   -19.5   -21.0   -16.5   -15.8    -6.0    -1.1
1967    -0.1    -4.5    -7.3    -9.7   -12.2   -14.2   -16.8   -18.3   -19.4   -12.5    -5.6    -1.2
1968    -1.1    -3.2    -4.8    -9.0   -11.7   -15.7   -19.4   -16.9   -19.1   -12.8    -6.2    -2.1
1969     0.4    -1.6    -4.5    -8.2   -11.3   -11.6   -17.6   -22.2   -19.8   -12.7    -5.9    -0.8
1970    -0.8    -3.6    -5.6    -8.9   -15.1   -16.6   -18.2   -20.5   -20.6   -11.5    -6.1    -1.1
1971    -0.5    -2.1    -7.3   -10.8   -16.7   -18.4   -18.8   -20.1   -16.0   -12.6    -7.3    -0.8
1972    -0.1    -2.8    -7.7   -10.0   -16.2   -17.8   -20.3   -15.5   -14.2   -13.4    -6.4    -2.5
1973    -0.7    -4.0    -7.7    -9.1   -11.3   -14.4   -20.3   -22.9   -17.4   -11.4    -6.3    -2.1
1974    -1.4    -3.1    -8.5   -10.9   -12.4   -16.8   -16.7   -17.7   -17.3   -14.1    -5.8    -0.8
1975    -0.4    -3.4    -6.2   -12.0   -14.1   -15.4   -20.8   -22.3   -18.8   -13.7    -6.8    -2.6
1976    -1.5    -3.9    -6.7   -11.5   -15.2   -19.5   -21.4   -23.2   -21.1   -16.0    -6.8    -0.1
1977     1.1    -3.6    -6.1   -11.3   -12.0   -16.1   -13.5   -15.9   -18.2   -15.3    -7.7    -1.4
1978    -2.1    -3.8    -9.3   -11.2   -11.8   -17.0   -14.7   -21.3   -15.3   -13.7    -7.3    -1.6
1979    -0.3    -3.3    -6.7    -9.2   -13.8   -18.5   -20.5   -19.4   -18.6   -14.5    -5.0    -1.2
1980     0.6    -3.2    -4.1    -6.2    -9.9   -12.3   -13.6   -17.2   -15.6   -12.7    -4.2    -0.5
1981    -1.2    -2.6    -4.9    -8.8   -11.7   -14.8   -14.1   -16.1   -18.0   -15.6    -6.7    -1.8
1982    -1.6    -4.1    -6.2    -9.4   -12.9   -14.8   -17.8   -22.4   -20.4   -15.5    -5.9    -0.7
1983     0.3    -2.9    -7.0   -10.6   -12.2   -13.6   -16.2   -19.2   -14.2   -12.4    -8.4    -3.5
1984     0.0    -3.2    -6.0    -9.8   -11.4   -18.1   -21.8   -19.3   -16.7   -15.2    -7.4    -0.4
1985     0.6    -2.2    -6.7    -6.9   -13.5   -13.8   -17.3   -21.8   -16.6   -13.3    -7.5    -2.5
1986    -1.4    -1.0    -4.8    -9.8   -14.1   -16.7   -18.4   -18.0   -14.6   -13.8    -6.0    -1.7
1987     0.1    -2.5    -5.0    -7.8   -12.6   -12.2   -18.2   -21.8   -19.8   -13.7    -5.3    -1.3
1988    -0.1    -3.2    -4.7   -11.0   -11.2   -14.4   -16.6   -17.9   -16.3   -12.1    -7.3    -2.3
1989    -1.1    -2.3    -6.2   -11.9   -21.1   -18.6   -18.5   -20.0   -22.8   -12.1    -6.7    -0.7
1990     0.1    -3.5    -6.0   -11.1   -14.4   -16.8   -11.1   -21.7   -23.6   -11.4    -6.8    -1.1
1991    -0.9    -1.7    -6.5   -11.1   -11.1   -15.0   -15.2   -17.4   -17.0   -16.0    -7.1     0.0
1992     0.0    -2.7    -5.5    -8.7   -12.3   -12.6   -16.0   -17.8   -21.0   -14.2    -6.4    -2.2
1993     0.4    -3.7    -7.3   -12.8   -16.3   -19.4   -21.0   -20.6   -17.8   -13.8    -7.6    -1.6
1994    -0.7    -4.7    -7.5   -10.6   -13.8   -13.4   -14.2   -20.7   -17.2   -12.4    -6.5    -2.2
1995    -2.4    -2.9    -9.1    -8.9   -15.1   -21.0   -14.1   -22.6   -21.5   -12.2    -7.5    -2.3
1996    -1.4    -2.3    -7.2   -11.2   -16.2   -16.4   -14.6   -15.9   -11.8   -10.8    -5.9    -1.5
1997    -1.1    -2.7    -6.7    -8.1   -15.1   -15.2   -20.5   -17.9   -23.5   -13.3    -7.5    -0.1
1998    -0.2    -2.3    -4.0   -10.3   -11.7   -14.0   -16.5   -22.1   -16.4   -14.1    -6.2    -2.7
1999    -1.2    -3.8    -7.5   -11.1   -12.7   -13.8   -21.2   -21.3   -19.3   -14.5    -7.4    -3.5
2000    -2.3    -4.2   -11.7   -11.0   -15.7   -11.8   -19.1   -17.4   -17.8   -13.0    -5.8    -1.2
2001    -1.0    -2.3    -6.6   -11.7   -13.9   -17.7   -18.2   -20.4   -18.7   -14.9    -7.1    -1.9
2002    -1.8    -3.4    -6.8    -9.8   -10.0   -14.5   -13.3   -17.5   -16.5   -11.0    -7.2    -1.9
2003     0.0    -2.4    -4.6    -7.8   -12.8   -12.4   -16.7   -16.8   -15.2   -13.3    -5.6    -0.6
2004     0.2    -2.0    -4.9    -8.7   -12.6   -12.6   -20.6   -19.4   -20.4   -11.6    -7.6     0.2
2005    -0.4    -1.8    -5.7   -10.5   -11.3   -14.3   -14.6   -16.4   -17.8   -14.2    -9.4    -0.9
2006    -1.0    -4.3    -6.2    -9.6   -10.6   -16.2   -24.1   -17.0   -18.8   -15.9    -6.9    -1.8
2007     0.2    -3.2    -7.7   -10.4   -12.4   -12.8   -16.3   -16.2   -19.4   -10.8    -4.6    -1.4
2008    -1.9    -4.2    -8.0    -9.2   -15.3   -20.6   -14.8   -22.2   -15.2   -17.5    -7.5    -1.4
2009    -1.2    -3.0    -6.0   -12.6   -14.7   -11.6   -16.3   -20.0   -16.7   -13.5    -6.5    -1.6
2010     0.5    -1.3    -7.0   -11.9   -15.4   -17.8   -21.3   -23.3   -17.9   -13.6    -6.9    -2.1
2011    -0.1    -4.2    -9.1   -10.6   -14.2   -11.7   -16.3   -17.3   -18.2   -16.2    -5.5    -3.3
2012    -1.5    -4.1    -7.9   -13.6   -14.9   -17.6   -19.3   -17.5   -23.2   -12.1    -4.7    -0.7
2013     0.9    -2.3    -5.4   -11.0   -17.5   -14.7   -19.4   -16.5   -15.1   -12.5    -3.9    -1.1
2014    -1.2    -2.7    -6.2   -10.7   -15.2   -15.5   -19.5   -22.2   -17.1   -16.7    -6.5    -1.3
2015    -2.1    -3.5    -7.1   -12.0   -13.1   -18.6   -17.8   -18.6   -21.6   -12.8    -5.7    -1.7
2016    -0.8    -2.7    -7.7   -10.0   -12.7   -14.3   -18.1   -13.8   -19.1    -9.3    -4.7    -0.7
2017    -0.8    -2.9    -5.3    -9.4   -10.1   -18.6   -15.5   -21.3   -17.4   -12.4    -5.1    -0.9
2018    -1.0    -1.6    -5.8    -7.8   -16.0   -13.1   -17.9   -16.1   -19.1   -16.1    -6.7    -1.7
2019    -1.2    -2.2    -6.7   -10.3   -12.6   -11.8   -18.3   -17.5   -19.3    -8.0    -6.0    -0.5
2020    -0.2    -3.2    -6.7   -10.4   -11.1   -16.3   -18.3   -18.5   -18.1   -12.8    -4.7    -3.2
2021    -1.6    -4.1    -6.4   -10.5   -12.6   -17.0   -18.1   -20.2   -16.0   -11.7    -5.8    -1.5
2022    -1.0    -3.2    -5.3   -10.9   -12.7   -12.9   -17.9   -14.8   -19.7   -10.9    -6.7    -2.5
2023    -1.7    -3.0    -6.0    -9.6   -10.3   -13.4   -15.2   -15.0   -16.4   -13.1    -7.5    -1.9
2024    -1.9    -3.1    -6.2    -9.2   -14.7   -15.1   -13.2   -13.4   -20.7   -11.9    -6.4    -1.2
2025     0.2    -2.4    -6.1    -6.4   -10.9   -12.9   -14.9   -18.1   -16.8    -7.3    -4.9    -1.8
2026     0.1    -2.8    -3.9    -7.0    -9.6   -15.2   -18.0       -       -       -       -       -
